20
9330
4986
1521
70
4746
569
6044
7146
7750
2607
3195
5774
7471
5887
1798
8180
3826
4274
6094
4446
8375
9656
6102
6902
5903
3590
3246
1569
7651
7256
3808
3832
6467
3487
8203
4979
5415
1241
7221
5015
9919
147
3471
198
8434
9820
8344
842
2180
8860
3940
992
7820
1876
4346
6251
9726
3368
9691
6472
4156
2020
5561
57
2286
8754
1431
626
7553
8969
5902
9459
1734
8340
4569
2022
1137
9073
7932
7781
6472
3552
1775
639
6616
6580
10000
891
4856
5879
9137
9774
8278
8122
187
1170
1551
6321
4082
1467
8476
4081
5444
4424
6801
3229
2608
1630
7571
4195
8093
8873
9485
1232
4300
4917
1776
9685
4276
3202
8357
113
5468
3472
3277
4153
9958
790
8609
3059
5593
7763
2246
5992
2843
9746
5560
9675
9815
4680
7424
2418
4239
3394
6610
8256
9116
3876
8842
4127
3307
3522
3951
2931
8775
7622
6484
890
9846
5105
6323
7823
1797
8446
3285
9188
8866
6499
6133
6775
1936
9512
9407
966
3289
1702
6496
6949
7749
4634
4052
3935
9656
9189
7496
9437
767
6753
7235
6825
1978
3425
9479
4700
3696
7559
6992
2158
9561
7613
578
1332
2491
125
5789
1565
8880
9080
5665
7185
8657
224
941
3747
7528
235
700
5471
4511
3277
4165
8869
6267
1261
6463
6787
5438
4210
5224
1289
3574
5110
8044
7590
3118
2257
5468
9294
2126
5114
285
4164
1807
6839
1300
8610
4473
7495
6176
9831
4157
183
1424
3540
7472
5510
4226
5479
5911
2870
4378
4955
1541
1592
3111
4942
5604
7102
1465
9884
5780
5728
9094
8777
1329
6398
2624
595
6908
7193
3243
335
3666
4535
1411
3296
6579
7338
1260
4942
4668
8534
1928
5737
5224
6565
7583
5062
6947
9100
1114
529
9906
3308
2844
9263
3043
3050
2404
5391
8453
9821
647
6979
1339
7707
9206
1140
4484
3094
665
2473
3557
3374
8713
4523
5198
7368
776
9665
9227
6402
2946
6055
583
1662
9165
8068
4931
1083
4475
4593
2935
6896
2745
7190
9866
704
1738
5424
1522
5398
5039
5670
7608
7789
6312
3429
733
8275
890
4924
9643
9505
9069
5696
4525
9140
7101
6532
7100
6948
3831
4715
4182
3710
996
9322
100
5339
1313
8305
2444
2893
1148
8637
7523
6424
1645
9194
7176
4540
3638
1907
5099
3141
7240
3368
5139
4641
6098
6612
9523
91
7687
7523
1283
1477
4633
3910
9311
2138
6647
9425
7963
3443
6788
551
9870
5925
1439
3846
286
4966
8499
1369
5361
4480
4714
4684
3000
9847
3640
8200
7039
3089
1279
9804
3622
9875
7806
5156
9574
5790
1841
4170
1881
3091
2223
3455
3727
1828
2436
2820
2014
6543
3328
4989
3981
6972
5183
1084
56
754
9738
2503
5036
2657
6480
6225
5717
806
2338
8641
5105
6061
4539
7998
6714
4818
653
8385
30
7450
554
7393
2250
285
2637
3220
9184
3416
9271
211
4349
188
2053
2332
7441
8321
986
2020
6211
4079
5397
1215
8304
2796
7886
8193
3632
8327
560
2342
9032
2370
9233
7987
6942
5674
7494
451
5940
7785
6087
7614
7326
1454
2493
3397
791
2851
3214
7185
7431
7008
3303
8437
9255
5116
3151
1559
5642
2992
9059
2265
1227
4414
8971
7345
7448
2981
6848
1512
826
9752
2994
2386
7380
7779
4544
1014
8560
4472
3205
4948
629
1895
3957
7263
4381
1521
7684
5016
7587
5751
7298
535
9116
8720
9773
5066
5188
4086
2539
2589
5650
5217
7900
9824
412
3001
6414
2506
4797
6440
6049
8072
3758
1441
50
7322
3287
5970
2602
4229
928
5274
4058
6337
6836
6067
6473
1645
7000
2176
2227
3882
9783
4466
2220
739
8298
3900
5919
3910
8858
3330
1539
1678
3874
4552
8973
5784
9823
5115
7744
6842
8355
8762
3726
2239
3356
3711
3154
8306
2394
2917
9235
2308
3275
4439
3311
1414
1332
995
8653
1297
6348
9457
9547
5508
4367
1180
9203
1024
8019
3153
1437
4900
8033
3694
8883
8861
5682
1568
5401
8166
3201
23
179
6062
5590
840
6101
4126
9234
5911
1080
623
5154
1328
1870
4139
2292
7807
7899
3326
9876
881
8421
1601
629
7509
7387
7021
6762
7605
9856
2325
7979
3157
5620
4914
2228
2544
2620
7464
5509
6628
1837
4897
2234
4721
9958
1045
4672
3910
9216
4640
3859
3951
3596
9954
6630
7460
5402
9618
7882
8684
2380
837
2626
7120
1875
8802
4820
4316
8681
2682
4756
5862
8366
4163
6527
8686
8102
6862
9122
724
7478
4773
799
2616
6476
6224
4152
6395
5818
3039
1308
1536
6764
6527
5795
7209
2661
7776
8046
5875
3469
7671
1744
7643
8137
3233
5483
8377
2763
409
7396
9271
4678
8249
8858
382
8581
6856
2036
6414
6307
2177
2435
9938
7153
926
2007
3328
4555
8120
2171
551
3503
7704
5164
4904
470
1072
8117
8102
4806
4829
4118
729
4825
4341
9611
2706
2485
2001
7920
535
9919
6541
9321
4154
6603
5724
6507
3251
6797
4351
8389
2572
5919
743
3851
3187
6943
812
8452
7780
7361
3457
4939
6157
3535
8404
7679
7094
3496
5936
4770
8107
7776
3662
4875
8914
1175
3436
5007
9399
2732
8633
5607
5030
1311
4361
3534
8558
2852
131
3545
7070
5026
8302
6680
6151
3217
2205
4850
2447
7907
83
9973
7849
7546
5051
3249
7983
6523
1801
6861
4827
1600
7165
671
5259
7535
6197
1462
5298
9134
2450
9972
9611
6066
3864
7865
5242
3336
9325
8471
7264
3511
2629
7169
771
2872
5780
514
7491
2453
477
8177
112
1264
5219
5216
6125
8450
600
4613
3780
2833
3472
2854
430
3939
1469
2538
5844
6783
2732
1019
3591
8415
9213
2973
2575
9152
6294
9112
2654
3641
6661
6370
736
9358
4878
3811
4500
9413
856
5695
2242
789
332
1122
5628
8084
2932
7344
5848
2093
9553
2645
2245
2823
5793
1859
5751
5057
3880
7901
4648
3451
7949
2177
8134
1456
339
3645
6262
9001
8177
5255
5964
5176
7970
4390
6204
2720
2859
8983
5877
392
5149
6581
9362
1414
7187
1683
6598
86
3816
9893
4339
7714
1052
5213
9310
9622
4350
1744
8874
8417
6715
1261
36
9869
9371
7108
143
4297
4915
1418
9275
6405
5511
4703
6733
8153
3012
259
2770
6177
722
4758
2184
160
6525
4629
2694
1926
9679
9549
8236
1885
3322
9570
8940
862
1793
4736
9566
9636
3178
5323
8913
9860
9076
9231
1768
8105
586
1134
8669
5682
7339
2815
2819
6239
5940
4387
1790
5441
7825
643
2438
6167
9406
2258
2180
9509
9431
4895
926
7397
2209
3789
7855
251
795
8100
2643
1903
2044
9888
2126
352
4750
7488
3380
4390
2500
1223
7303
2047
2017
9705
9765
5345
8948
1403
2655
9246
1304
1768
8077
1079
3711
8776
3982
4251
9755
4842
9150
5705
8251
1169
1105
4164
3079
4137
8973
8757
2442
3127
1700
2464
2470
3044
2735
6718
7796
2349
5202
816
6322
6710
6831
6083
9964
8290
1152
169
3067
70
5648
1366
3654
1184
6095
8579
6177
760
5037
3770
2585
1794
3586
4844
52
2081
9127
7068
9056
2163
